GiftId,Latitude,Longitude,Weight,ClusterId
0,0.00787615,0.0467,48.7068,0
1,0.00945879,0.0630629,15.9013,0
2,0.018796,0.0405883,35.5699,0
3,0.0146275,0.00477992,2.5488,0
4,0.00807936,0.024737,19.0814,0
5,0.0211304,0.0412542,46.8938,0
6,0.0117256,0.0126756,41.7782,0
7,0.00645379,0.0262006,15.1124,0
8,0.00943402,0.029699,39.9799,0
9,0.0292953,0.0443706,30.2093,0
10,0.00391055,0.0232637,33.2424,0
11,0.0280436,0.0329325,9.252,0
12,0.00835453,0.0406615,47.3446,0
13,0.000867451,0.00980666,30.8022,0
14,0.0203648,0.0108281,22.3595,0
15,0.00529537,0.0198738,2.6125,0
16,0.0178395,0.0572429,19.7037,0
17,0.00641372,0.000500955,18.2386,0
18,0.0237647,0.0189237,26.3187,0
19,0.00254117,0.00576603,2.882,0
20,0.0309633,0.00492769,2.4753,0
21,0.0126169,0.0440805,41.7341,0
22,0.0231753,0.0462233,1,0
23,0.0108889,0.00263058,40.5091,0
24,0.0183526,0.0595618,11.0552,0
25,0.0166605,0.016108,1,0
26,0.0248673,0.0377552,1,0
27,0.00441456,0.0063977,20.1447,0
28,0.02451,0.0542409,1,0
29,0.0139734,0.043189,31.4,0
30,0.0216855,0.0158461,13.5248,0
31,0.0127544,0.00527801,8.4533,0
32,0.00547937,0.0574338,10.428,0
33,0.0229211,0.061944,1,0
34,0.00517836,0.0563261,13.0299,0
35,0.00404785,0.0278177,26.1864,0
36,0.0204165,0.0562595,36.7067,0
37,0.00464894,0.0616573,23.1386,0
38,0.0198763,0.0312471,11.9568,0
39,0.0122682,0.0228401,47.1731,0
40,0.0128552,0.0249359,1,0
41,0.0264638,0.0323927,19.8164,0
42,0.00583776,0.0450628,33.6442,0
43,0.0152599,0.0586387,23.3591,0
44,0.0155887,0.0360328,1,0
45,0.00944754,0.00683096,1,0
46,0.0248485,0.018371,42.6063,0
47,0.0225862,0.0322492,8.713,0
48,0.00186871,0.0608535,42.6112,0
49,0.0214969,0.0487771,1,0
50,0.0102335,0.0420435,1,0
51,0.0235631,0.00939797,7.0323,0
52,0.00245266,0.0224478,1,0
53,0.0180413,0.0584806,33.9088,0
54,0.018114,0.0246084,25.1623,0
55,0.0139372,0.00980284,26.6568,0
56,0.0288516,0.053065,32.5613,0
57,0.0119117,0.0213096,39.632,0
58,0.0290744,0.0228055,1,0
59,0.0250951,0.0442511,1,0
60,0.0184546,0.033759,1,0
61,0.00916917,0.0211405,43.4197,0
62,0.0128299,0.0551306,13.9168,0
63,0.0264197,0.0390829,1,0
64,0.0023718,0.0467216,22.2615,0
65,0.00246931,0.0603337,1,0
66,0.0122636,0.0160594,34.0215,0
67,0.0296694,0.0392894,27.8622,0
68,0.0179565,0.0545866,33.1493,0
69,0.00495552,0.0168043,49.4222,0
